{
  "nbformat": 4,
  "nbformat_minor": 0,
  "metadata": {
    "colab": {
      "provenance": []
    },
    "kernelspec": {
      "name": "python3",
      "display_name": "Python 3"
    },
    "language_info": {
      "name": "python"
    }
  },
  "cells": [
    {
      "cell_type": "markdown",
      "metadata": {
        "id": "98e7df8c"
      },
      "source": [
        "**Step 1: Load and Standardize the Data**\n",
        "This step involved loading my  `DatasetAfricaMalaria.csv` file into a pandas DataFrame. Then, only the numeric columns were selected for analysis. Any missing values in these numeric columns were filled using the mean of their respective columns (mean imputation) using NumPy. Finally, the data was standardized, meaning each feature was transformed to have a mean of 0 and a standard deviation of 1. This is crucial for PCA because it ensures that features with larger values don't unfairly dominate the analysis."
      ]
    },
    {
      "cell_type": "code",
      "execution_count": 116,
      "metadata": {
        "id": "zbhERbz0IoYn",
        "colab": {
          "base_uri": "https://localhost:8080/"
        },
        "outputId": "d679ed46-5b6b-4216-e867-91995919b9ea"
      },
      "outputs": [
        {
          "output_type": "execute_result",
          "data": {
            "text/plain": [
              "array([[-1.58113883e+00, -1.21256459e+00, -5.06760222e-01,\n",
              "         0.00000000e+00,  0.00000000e+00,  0.00000000e+00,\n",
              "        -6.55710122e-16,  0.00000000e+00,  5.41893472e-16,\n",
              "        -1.20335604e+00,  1.84377536e+00, -1.45712868e+00,\n",
              "        -1.23400095e+00, -1.66809102e+00,  1.23397271e+00,\n",
              "        -5.61646882e-01,  1.49495110e+00,  1.86242385e+00,\n",
              "         1.15800583e+00,  1.77365688e+00,  2.08348956e+00,\n",
              "         1.99788845e+00,  1.60900436e+00, -7.83191277e-01],\n",
              "       [-1.58113883e+00,  6.16449417e-01,  2.20650663e-01,\n",
              "        -2.59139328e+00, -4.70762105e-02, -2.59441287e+00,\n",
              "        -6.55710122e-16,  0.00000000e+00,  5.41893472e-16,\n",
              "         0.00000000e+00, -1.17007624e-15,  0.00000000e+00,\n",
              "        -7.98503589e-01,  4.36548583e-01,  7.98470288e-01,\n",
              "         1.02714839e+00, -1.04968763e+00, -1.49943184e+00,\n",
              "        -2.03128810e+00, -8.45063064e-02, -6.00246444e-01,\n",
              "         2.98713596e-01, -8.95720879e-01,  2.65347191e-02],\n",
              "       [-1.58113883e+00,  1.85097486e+00, -5.06772555e-01,\n",
              "         0.00000000e+00,  0.00000000e+00,  0.00000000e+00,\n",
              "        -6.55710122e-16,  0.00000000e+00,  5.41893472e-16,\n",
              "         0.00000000e+00, -1.17007624e-15,  0.00000000e+00,\n",
              "         8.91768645e-02,  5.03628730e-01, -8.92204654e-02,\n",
              "         3.91630281e-01, -1.28914876e-01,  1.87996532e-01,\n",
              "        -8.84464272e-01, -1.05813946e+00, -1.01427689e+00,\n",
              "        -1.20999189e+00,  4.13589821e-01, -7.50420824e-01],\n",
              "       [-1.58113883e+00, -1.20605768e+00, -5.06587555e-01,\n",
              "         0.00000000e+00,  0.00000000e+00,  0.00000000e+00,\n",
              "        -6.55710122e-16,  0.00000000e+00,  2.47177444e+00,\n",
              "         0.00000000e+00, -1.17007624e-15,  0.00000000e+00,\n",
              "        -8.21307410e-01, -2.37243257e+00,  8.21274374e-01,\n",
              "         8.82084473e-01,  7.50533685e-01,  3.33174960e-01,\n",
              "         1.11063462e+00,  8.46296163e-01,  5.07956585e-01,\n",
              "         1.37380734e+00, -1.60595170e+00,  3.66669046e-01],\n",
              "       [-1.58113883e+00,  2.00127157e+00, -4.85784044e-01,\n",
              "         0.00000000e+00,  0.00000000e+00,  0.00000000e+00,\n",
              "        -6.55710122e-16,  0.00000000e+00,  5.41893472e-16,\n",
              "         0.00000000e+00, -1.17007624e-15,  0.00000000e+00,\n",
              "         1.12146692e+00,  6.46174042e-01, -1.12152249e+00,\n",
              "         1.64885089e+00, -7.98832344e-01, -3.42338100e-01,\n",
              "        -8.94379175e-01, -9.12821076e-01, -9.25160145e-01,\n",
              "        -7.51707128e-02,  6.00671770e-01, -9.44056134e-01]])"
            ]
          },
          "metadata": {},
          "execution_count": 116
        }
      ],
      "source": [
        "# Step 1: Load and Standardize the data (use of numpy only allowed)\n",
        "import numpy as np\n",
        "import pandas as pd\n",
        "import matplotlib.pyplot as plt\n",
        "\n",
        "# Load Ebola dataset\n",
        "df = pd.read_csv('/content/DatasetAfricaMalaria.csv')\n",
        "\n",
        "# Select only numeric columns\n",
        "numeric_df = df.select_dtypes(include='number')\n",
        "\n",
        "# Handle missing values using mean (NumPy logic)\n",
        "X = numeric_df.values\n",
        "col_means = np.nanmean(X, axis=0)\n",
        "inds = np.where(np.isnan(X))\n",
        "X[inds] = np.take(col_means, inds[1])\n",
        "\n",
        "# Standardization (NumPy only)\n",
        "mean = np.mean(X, axis=0)\n",
        "std = np.std(X, axis=0)\n",
        "X_standardized = (X - mean) / std\n",
        "\n",
        "X_standardized[:5]\n"
      ]
    },
    {
      "cell_type": "code",
      "source": [
        "df.info()"
      ],
      "metadata": {
        "colab": {
          "base_uri": "https://localhost:8080/"
        },
        "id": "s3tTwleuTxIY",
        "outputId": "772bf990-0238-434f-f2ef-38bc3e0339d1"
      },
      "execution_count": 117,
      "outputs": [
        {
          "output_type": "stream",
          "name": "stdout",
          "text": [
            "<class 'pandas.core.frame.DataFrame'>\n",
            "RangeIndex: 594 entries, 0 to 593\n",
            "Data columns (total 27 columns):\n",
            " #   Column                                                                                   Non-Null Count  Dtype  \n",
            "---  ------                                                                                   --------------  -----  \n",
            " 0   Country Name                                                                             594 non-null    object \n",
            " 1   Year                                                                                     594 non-null    int64  \n",
            " 2   Country Code                                                                             594 non-null    object \n",
            " 3   Incidence of malaria (per 1,000 population at risk)                                      550 non-null    float64\n",
            " 4   Malaria cases reported                                                                   550 non-null    float64\n",
            " 5   Use of insecticide-treated bed nets (% of under-5 population)                            132 non-null    float64\n",
            " 6   Children with fever receiving antimalarial drugs (% of children under age 5 with fever)  122 non-null    float64\n",
            " 7   Intermittent preventive treatment (IPT) of malaria in pregnancy (% of pregnant women)    106 non-null    float64\n",
            " 8   People using safely managed drinking water services (% of population)                    99 non-null     float64\n",
            " 9   People using safely managed drinking water services, rural (% of rural population)       88 non-null     float64\n",
            " 10  People using safely managed drinking water services, urban (% of urban population)       176 non-null    float64\n",
            " 11  People using safely managed sanitation services (% of population)                        132 non-null    float64\n",
            " 12  People using safely managed sanitation services, rural (% of rural population)           110 non-null    float64\n",
            " 13  People using safely managed sanitation services, urban  (% of urban population)          132 non-null    float64\n",
            " 14  Rural population (% of total population)                                                 588 non-null    float64\n",
            " 15  Rural population growth (annual %)                                                       588 non-null    float64\n",
            " 16  Urban population (% of total population)                                                 588 non-null    float64\n",
            " 17  Urban population growth (annual %)                                                       588 non-null    float64\n",
            " 18  People using at least basic drinking water services (% of population)                    588 non-null    float64\n",
            " 19  People using at least basic drinking water services, rural (% of rural population)       566 non-null    float64\n",
            " 20  People using at least basic drinking water services, urban (% of urban population)       566 non-null    float64\n",
            " 21  People using at least basic sanitation services (% of population)                        588 non-null    float64\n",
            " 22  People using at least basic sanitation services, rural (% of rural population)           566 non-null    float64\n",
            " 23  People using at least basic sanitation services, urban  (% of urban population)          566 non-null    float64\n",
            " 24  latitude                                                                                 594 non-null    float64\n",
            " 25  longitude                                                                                594 non-null    float64\n",
            " 26  geometry                                                                                 594 non-null    object \n",
            "dtypes: float64(23), int64(1), object(3)\n",
            "memory usage: 125.4+ KB\n"
          ]
        }
      ]
    },
    {
      "cell_type": "markdown",
      "metadata": {
        "id": "808e7019"
      },
      "source": [
        "**Step 2: Calculate the Covariance Matrix**\n",
        "After standardizing the data, the covariance matrix was calculated. The covariance matrix shows how each pair of features in my dataset varies together. A positive covariance means they tend to increase or decrease together, while a negative covariance means one tends to increase as the other decreases. This matrix is fundamental for PCA as it captures the relationships between features."
      ]
    },
    {
      "cell_type": "code",
      "source": [
        "# Step 2: Calculate the Covariance Matrix\n",
        "cov_matrix = np.cov(X_standardized.T)\n",
        "cov_matrix"
      ],
      "metadata": {
        "colab": {
          "base_uri": "https://localhost:8080/"
        },
        "id": "HwYpdZjgh8-5",
        "outputId": "be625bfb-32db-4e48-ff15-57b0608223c0"
      },
      "execution_count": 118,
      "outputs": [
        {
          "output_type": "execute_result",
          "data": {
            "text/plain": [
              "array([[ 1.00168634e+00, -6.80542806e-02,  3.57947203e-01,\n",
              "         2.33223297e-01, -1.83047706e-02,  1.75372178e-01,\n",
              "         3.65843539e-02,  6.59681612e-02,  2.73071409e-02,\n",
              "         3.84413217e-02,  9.46769860e-02,  2.67796335e-02,\n",
              "        -8.40379544e-02, -4.97357957e-02,  8.40398632e-02,\n",
              "        -5.65317141e-02,  1.18565745e-01,  1.10879038e-01,\n",
              "         1.00777429e-01,  6.83801684e-02,  6.84030302e-02,\n",
              "         5.87010243e-02, -9.12704426e-19,  5.24219978e-18],\n",
              "       [-6.80542806e-02,  1.00168634e+00,  2.88995393e-01,\n",
              "         4.30348950e-03,  2.29939995e-01,  6.06777508e-02,\n",
              "        -1.75492561e-01, -1.69633937e-01, -3.72772114e-01,\n",
              "        -2.07579206e-01, -9.71252108e-02, -1.62720237e-01,\n",
              "         2.45446793e-01,  3.87139217e-01, -2.45450290e-01,\n",
              "         3.09619690e-01, -3.68912526e-01, -3.13484257e-01,\n",
              "        -3.99015433e-01, -4.40983873e-01, -3.75800980e-01,\n",
              "        -4.25948448e-01,  5.88013289e-02, -2.64875225e-01],\n",
              "       [ 3.57947203e-01,  2.88995393e-01,  1.00168634e+00,\n",
              "         1.38480343e-01,  1.40078242e-01,  1.18014224e-01,\n",
              "        -1.25623436e-01, -9.69153976e-02, -2.34788354e-01,\n",
              "        -4.44941275e-02,  5.22643707e-02, -2.53689837e-02,\n",
              "         2.13337373e-01,  2.40234419e-01, -2.13346062e-01,\n",
              "         2.52430491e-01, -2.32449030e-01, -1.80609519e-01,\n",
              "        -1.67590337e-01, -1.75105836e-01, -1.14344867e-01,\n",
              "        -2.08589045e-01, -8.65447283e-02,  6.68523086e-02],\n",
              "       [ 2.33223297e-01,  4.30348950e-03,  1.38480343e-01,\n",
              "         1.00168634e+00,  7.03016080e-02,  2.56531727e-01,\n",
              "         2.46421952e-02,  1.56846214e-03, -4.20817925e-02,\n",
              "        -4.12702458e-02,  1.32553636e-02, -1.05414986e-02,\n",
              "         5.58602542e-02,  7.26064449e-02, -5.58670342e-02,\n",
              "         7.68380914e-02,  1.09466743e-02,  5.00431216e-02,\n",
              "         1.41186275e-03, -1.29418008e-02,  1.68288584e-02,\n",
              "        -4.88190382e-02,  6.03363838e-02, -5.02027181e-03],\n",
              "       [-1.83047706e-02,  2.29939995e-01,  1.40078242e-01,\n",
              "         7.03016080e-02,  1.00168634e+00,  2.58522752e-01,\n",
              "        -9.64348469e-02, -7.30691436e-02, -1.94190897e-01,\n",
              "        -1.28447735e-02,  8.89302583e-03,  3.33950723e-02,\n",
              "         3.35632093e-02,  9.50575681e-02, -3.35709122e-02,\n",
              "         1.30348528e-01, -6.85351673e-02, -5.21545022e-02,\n",
              "        -1.53662000e-01, -1.18573920e-01, -1.18766148e-01,\n",
              "        -1.38349132e-01,  5.56336119e-02, -4.82681901e-02],\n",
              "       [ 1.75372178e-01,  6.06777508e-02,  1.18014224e-01,\n",
              "         2.56531727e-01,  2.58522752e-01,  1.00168634e+00,\n",
              "        -1.72265360e-02, -5.60425182e-02, -1.23917682e-02,\n",
              "         1.43982819e-02, -6.05458444e-02,  2.67292872e-02,\n",
              "        -6.17963961e-02, -1.27837775e-02,  6.17893411e-02,\n",
              "        -4.06769183e-03,  6.90401414e-02,  5.68139906e-02,\n",
              "         4.77011461e-02, -4.16512149e-02, -5.32079572e-02,\n",
              "        -4.92924787e-02,  3.19097175e-02, -8.13386184e-02],\n",
              "       [ 3.65843539e-02, -1.75492561e-01, -1.25623436e-01,\n",
              "         2.46421952e-02, -9.64348469e-02, -1.72265360e-02,\n",
              "         1.00168634e+00,  6.39455221e-01,  5.15372207e-01,\n",
              "         6.14577679e-01,  1.77313479e-01,  5.79954896e-01,\n",
              "        -3.10948068e-01, -2.42763828e-01,  3.10953306e-01,\n",
              "        -3.14989626e-01,  3.71014132e-01,  2.97640681e-01,\n",
              "         3.60483215e-01,  3.99475277e-01,  3.80358551e-01,\n",
              "         4.76426108e-01,  2.43800385e-01, -1.11271799e-01],\n",
              "       [ 6.59681612e-02, -1.69633937e-01, -9.69153976e-02,\n",
              "         1.56846214e-03, -7.30691436e-02, -5.60425182e-02,\n",
              "         6.39455221e-01,  1.00168634e+00,  5.61454930e-01,\n",
              "         1.68171648e-01,  2.86912767e-01,  1.18074506e-01,\n",
              "        -2.34682641e-01, -2.13623634e-01,  2.34681356e-01,\n",
              "        -2.12507664e-01,  2.65407399e-01,  1.69434106e-01,\n",
              "         2.56370886e-01,  3.15928265e-01,  3.00162301e-01,\n",
              "         3.84984274e-01,  1.71014490e-01, -1.79954121e-01],\n",
              "       [ 2.73071409e-02, -3.72772114e-01, -2.34788354e-01,\n",
              "        -4.20817925e-02, -1.94190897e-01, -1.23917682e-02,\n",
              "         5.15372207e-01,  5.61454930e-01,  1.00168634e+00,\n",
              "         2.08037475e-01,  6.17618985e-02,  1.48037485e-01,\n",
              "        -2.62652200e-01, -3.55477651e-01,  2.62661148e-01,\n",
              "        -2.95689483e-01,  3.63753869e-01,  2.82127789e-01,\n",
              "         4.32791022e-01,  3.59873458e-01,  3.42543234e-01,\n",
              "         4.22591052e-01, -1.68217609e-01, -2.53084592e-02],\n",
              "       [ 3.84413217e-02, -2.07579206e-01, -4.44941275e-02,\n",
              "        -4.12702458e-02, -1.28447735e-02,  1.43982819e-02,\n",
              "         6.14577679e-01,  1.68171648e-01,  2.08037475e-01,\n",
              "         1.00168634e+00,  7.66615496e-02,  9.55597177e-01,\n",
              "        -2.10801212e-01, -1.69916594e-01,  2.10811593e-01,\n",
              "        -2.78821286e-01,  3.32365529e-01,  3.28420517e-01,\n",
              "         2.72876209e-01,  3.88189138e-01,  4.11832818e-01,\n",
              "         4.14467224e-01,  1.87459544e-01,  1.33329945e-01],\n",
              "       [ 9.46769860e-02, -9.71252108e-02,  5.22643707e-02,\n",
              "         1.32553636e-02,  8.89302583e-03, -6.05458444e-02,\n",
              "         1.77313479e-01,  2.86912767e-01,  6.17618985e-02,\n",
              "         7.66615496e-02,  1.00168634e+00, -6.48700676e-02,\n",
              "        -2.63657767e-01, -2.21358962e-01,  2.63652109e-01,\n",
              "        -1.09634650e-02,  3.21662500e-01,  2.77208392e-01,\n",
              "         1.71588000e-01,  2.66853563e-01,  2.61114534e-01,\n",
              "         2.62227219e-01,  5.76526787e-02, -1.09156073e-01],\n",
              "       [ 2.67796335e-02, -1.62720237e-01, -2.53689837e-02,\n",
              "        -1.05414986e-02,  3.33950723e-02,  2.67292872e-02,\n",
              "         5.79954896e-01,  1.18074506e-01,  1.48037485e-01,\n",
              "         9.55597177e-01, -6.48700676e-02,  1.00168634e+00,\n",
              "        -1.84605977e-01, -1.18675590e-01,  1.84614789e-01,\n",
              "        -2.46864612e-01,  2.84610499e-01,  2.83994920e-01,\n",
              "         2.20276898e-01,  3.49191093e-01,  3.60521650e-01,\n",
              "         3.68708194e-01,  2.24009706e-01,  1.32230741e-01],\n",
              "       [-8.40379544e-02,  2.45446793e-01,  2.13337373e-01,\n",
              "         5.58602542e-02,  3.35632093e-02, -6.17963961e-02,\n",
              "        -3.10948068e-01, -2.34682641e-01, -2.62652200e-01,\n",
              "        -2.10801212e-01, -2.63657767e-01, -1.84605977e-01,\n",
              "         1.00168634e+00,  6.52752199e-01, -1.00168633e+00,\n",
              "         2.28668069e-01, -6.26245895e-01, -2.74393095e-01,\n",
              "        -2.66992671e-01, -5.13590925e-01, -2.66614314e-01,\n",
              "        -4.40491592e-01, -2.27004920e-01,  3.04281756e-01],\n",
              "       [-4.97357957e-02,  3.87139217e-01,  2.40234419e-01,\n",
              "         7.26064449e-02,  9.50575681e-02, -1.27837775e-02,\n",
              "        -2.42763828e-01, -2.13623634e-01, -3.55477651e-01,\n",
              "        -1.69916594e-01, -2.21358962e-01, -1.18675590e-01,\n",
              "         6.52752199e-01,  1.00168634e+00, -6.52752295e-01,\n",
              "         3.30222384e-01, -5.91938495e-01, -4.05407880e-01,\n",
              "        -3.99623522e-01, -5.14582694e-01, -3.82218108e-01,\n",
              "        -4.41068001e-01,  1.00380397e-01,  9.66082786e-02],\n",
              "       [ 8.40398632e-02, -2.45450290e-01, -2.13346062e-01,\n",
              "        -5.58670342e-02, -3.35709122e-02,  6.17893411e-02,\n",
              "         3.10953306e-01,  2.34681356e-01,  2.62661148e-01,\n",
              "         2.10811593e-01,  2.63652109e-01,  1.84614789e-01,\n",
              "        -1.00168633e+00, -6.52752295e-01,  1.00168634e+00,\n",
              "        -2.28672075e-01,  6.26248362e-01,  2.74394932e-01,\n",
              "         2.66997829e-01,  5.13593445e-01,  2.66617225e-01,\n",
              "         4.40494598e-01,  2.27004250e-01, -3.04279321e-01],\n",
              "       [-5.65317141e-02,  3.09619690e-01,  2.52430491e-01,\n",
              "         7.68380914e-02,  1.30348528e-01, -4.06769183e-03,\n",
              "        -3.14989626e-01, -2.12507664e-01, -2.95689483e-01,\n",
              "        -2.78821286e-01, -1.09634650e-02, -2.46864612e-01,\n",
              "         2.28668069e-01,  3.30222384e-01, -2.28672075e-01,\n",
              "         1.00168634e+00, -5.27906853e-01, -4.94094840e-01,\n",
              "        -3.89808620e-01, -5.20120196e-01, -4.29718575e-01,\n",
              "        -4.43028669e-01,  2.39295208e-02, -1.45843679e-01],\n",
              "       [ 1.18565745e-01, -3.68912526e-01, -2.32449030e-01,\n",
              "         1.09466743e-02, -6.85351673e-02,  6.90401414e-02,\n",
              "         3.71014132e-01,  2.65407399e-01,  3.63753869e-01,\n",
              "         3.32365529e-01,  3.21662500e-01,  2.84610499e-01,\n",
              "        -6.26245895e-01, -5.91938495e-01,  6.26248362e-01,\n",
              "        -5.27906853e-01,  1.00168634e+00,  8.64171662e-01,\n",
              "         7.54530519e-01,  7.80034713e-01,  6.54437668e-01,\n",
              "         6.41490450e-01,  7.25370760e-02, -1.28002384e-01],\n",
              "       [ 1.10879038e-01, -3.13484257e-01, -1.80609519e-01,\n",
              "         5.00431216e-02, -5.21545022e-02,  5.68139906e-02,\n",
              "         2.97640681e-01,  1.69434106e-01,  2.82127789e-01,\n",
              "         3.28420517e-01,  2.77208392e-01,  2.83994920e-01,\n",
              "        -2.74393095e-01, -4.05407880e-01,  2.74394932e-01,\n",
              "        -4.94094840e-01,  8.64171662e-01,  1.00168634e+00,\n",
              "         7.50013812e-01,  6.11340757e-01,  7.06841100e-01,\n",
              "         6.13278233e-01,  3.28411143e-02, -1.25807084e-01],\n",
              "       [ 1.00777429e-01, -3.99015433e-01, -1.67590337e-01,\n",
              "         1.41186275e-03, -1.53662000e-01,  4.77011461e-02,\n",
              "         3.60483215e-01,  2.56370886e-01,  4.32791022e-01,\n",
              "         2.72876209e-01,  1.71588000e-01,  2.20276898e-01,\n",
              "        -2.66992671e-01, -3.99623522e-01,  2.66997829e-01,\n",
              "        -3.89808620e-01,  7.54530519e-01,  7.50013812e-01,\n",
              "         1.00168634e+00,  5.40304916e-01,  6.17306920e-01,\n",
              "         5.35673808e-01, -6.70587012e-02, -6.38406197e-02],\n",
              "       [ 6.83801684e-02, -4.40983873e-01, -1.75105836e-01,\n",
              "        -1.29418008e-02, -1.18573920e-01, -4.16512149e-02,\n",
              "         3.99475277e-01,  3.15928265e-01,  3.59873458e-01,\n",
              "         3.88189138e-01,  2.66853563e-01,  3.49191093e-01,\n",
              "        -5.13590925e-01, -5.14582694e-01,  5.13593445e-01,\n",
              "        -5.20120196e-01,  7.80034713e-01,  6.11340757e-01,\n",
              "         5.40304916e-01,  1.00168634e+00,  8.49960808e-01,\n",
              "         8.47367389e-01,  1.05847018e-01,  1.14372072e-01],\n",
              "       [ 6.84030302e-02, -3.75800980e-01, -1.14344867e-01,\n",
              "         1.68288584e-02, -1.18766148e-01, -5.32079572e-02,\n",
              "         3.80358551e-01,  3.00162301e-01,  3.42543234e-01,\n",
              "         4.11832818e-01,  2.61114534e-01,  3.60521650e-01,\n",
              "        -2.66614314e-01, -3.82218108e-01,  2.66617225e-01,\n",
              "        -4.29718575e-01,  6.54437668e-01,  7.06841100e-01,\n",
              "         6.17306920e-01,  8.49960808e-01,  1.00168634e+00,\n",
              "         8.38649585e-01,  1.02474697e-02,  9.02778513e-02],\n",
              "       [ 5.87010243e-02, -4.25948448e-01, -2.08589045e-01,\n",
              "        -4.88190382e-02, -1.38349132e-01, -4.92924787e-02,\n",
              "         4.76426108e-01,  3.84984274e-01,  4.22591052e-01,\n",
              "         4.14467224e-01,  2.62227219e-01,  3.68708194e-01,\n",
              "        -4.40491592e-01, -4.41068001e-01,  4.40494598e-01,\n",
              "        -4.43028669e-01,  6.41490450e-01,  6.13278233e-01,\n",
              "         5.35673808e-01,  8.47367389e-01,  8.38649585e-01,\n",
              "         1.00168634e+00,  1.43825920e-01, -8.67147649e-03],\n",
              "       [-9.12704426e-19,  5.88013289e-02, -8.65447283e-02,\n",
              "         6.03363838e-02,  5.56336119e-02,  3.19097175e-02,\n",
              "         2.43800385e-01,  1.71014490e-01, -1.68217609e-01,\n",
              "         1.87459544e-01,  5.76526787e-02,  2.24009706e-01,\n",
              "        -2.27004920e-01,  1.00380397e-01,  2.27004250e-01,\n",
              "         2.39295208e-02,  7.25370760e-02,  3.28411143e-02,\n",
              "        -6.70587012e-02,  1.05847018e-01,  1.02474697e-02,\n",
              "         1.43825920e-01,  1.00168634e+00, -5.05854136e-01],\n",
              "       [ 5.24219978e-18, -2.64875225e-01,  6.68523086e-02,\n",
              "        -5.02027181e-03, -4.82681901e-02, -8.13386184e-02,\n",
              "        -1.11271799e-01, -1.79954121e-01, -2.53084592e-02,\n",
              "         1.33329945e-01, -1.09156073e-01,  1.32230741e-01,\n",
              "         3.04281756e-01,  9.66082786e-02, -3.04279321e-01,\n",
              "        -1.45843679e-01, -1.28002384e-01, -1.25807084e-01,\n",
              "        -6.38406197e-02,  1.14372072e-01,  9.02778513e-02,\n",
              "        -8.67147649e-03, -5.05854136e-01,  1.00168634e+00]])"
            ]
          },
          "metadata": {},
          "execution_count": 118
        }
      ]
    },
    {
      "cell_type": "markdown",
      "metadata": {
        "id": "97b8a50b"
      },
      "source": [
        "**Step 3: Perform Eigendecomposition**\n",
        "Eigendecomposition was performed on the covariance matrix. This mathematical process extracts two key components: eigenvalues and eigenvectors. Eigenvalues represent the amount of variance captured by each principal component, and eigenvectors are the directions (axes) along which this variance lies. These eigenvectors are my principal components."
      ]
    },
    {
      "cell_type": "code",
      "source": [
        "# Step 3: Perform Eigendecomposition\n",
        "eigenvalues, eigenvectors = np.linalg.eig(cov_matrix)\n",
        "eigenvalues, eigenvectors"
      ],
      "metadata": {
        "colab": {
          "base_uri": "https://localhost:8080/"
        },
        "id": "TTonz89jjXFs",
        "outputId": "5a219f7b-641b-492c-ff5f-0aef8b418642"
      },
      "execution_count": 119,
      "outputs": [
        {
          "output_type": "execute_result",
          "data": {
            "text/plain": [
              "(array([7.47866447e+00, 2.23494453e+00, 2.04877421e+00, 1.77596923e+00,\n",
              "        1.46507889e+00, 1.28042481e+00, 1.17147431e+00, 1.01911332e+00,\n",
              "        8.90113383e-01, 7.57789569e-01, 6.66562869e-01, 6.49614679e-01,\n",
              "        6.01745519e-01, 4.36829542e-01, 3.78377003e-01, 3.19286817e-01,\n",
              "        3.12818609e-02, 6.26864578e-03, 1.05297883e-08, 9.60916442e-02,\n",
              "        1.26540049e-01, 2.12741241e-01, 2.20070925e-01, 1.72714643e-01]),\n",
              " array([[ 3.69977278e-02, -3.39660398e-02, -8.15203111e-02,\n",
              "         -4.38452126e-01, -2.31139912e-01, -2.70373410e-01,\n",
              "          1.76222096e-01,  3.32017402e-01,  2.68976109e-01,\n",
              "          2.30068338e-01, -3.03743364e-01, -7.23508005e-02,\n",
              "         -2.62569133e-01,  4.76759322e-01,  7.54940914e-03,\n",
              "         -8.39911330e-02,  6.99915103e-03,  2.34107996e-03,\n",
              "         -5.82182391e-06,  1.27976816e-02,  4.45584131e-02,\n",
              "          4.78181903e-02, -1.25032098e-02,  2.31131542e-04],\n",
              "        [-1.89102736e-01, -1.68268507e-01, -2.09474999e-01,\n",
              "         -5.99710339e-02, -7.42691199e-03,  2.31829587e-01,\n",
              "          3.39231352e-02, -2.42260580e-01,  3.28902108e-01,\n",
              "          6.30593570e-02,  3.73889939e-01,  4.70175876e-01,\n",
              "          1.87388632e-01,  3.63006768e-01, -8.04092407e-02,\n",
              "         -1.29248205e-01, -4.34863093e-03,  2.86687807e-02,\n",
              "         -2.04941360e-06, -2.32224089e-02, -1.26922843e-01,\n",
              "          1.39517956e-01, -2.47799063e-01, -1.15663604e-01],\n",
              "        [-1.06473653e-01,  3.16413854e-02, -1.91606072e-01,\n",
              "         -3.99645804e-01, -1.72338403e-01, -1.07201348e-01,\n",
              "          3.96468515e-01, -6.76086933e-02,  2.78049541e-01,\n",
              "          1.00276097e-01,  2.66538412e-01, -1.01112965e-01,\n",
              "          6.22816770e-02, -6.15647158e-01,  4.70830518e-02,\n",
              "          1.62769477e-01, -1.57148261e-02, -1.60200273e-02,\n",
              "          6.45016568e-06, -1.47540231e-02, -5.88550466e-02,\n",
              "         -5.35508995e-03, -8.04527337e-03,  6.13066941e-02],\n",
              "        [-1.17139860e-02, -2.54789360e-02, -1.21632113e-01,\n",
              "         -3.83072551e-01, -1.85214729e-01, -8.77735131e-02,\n",
              "         -2.45208972e-01,  3.14536384e-01, -5.19706378e-01,\n",
              "         -2.61238746e-01,  2.78899239e-01,  4.08654847e-01,\n",
              "         -1.76427095e-01, -6.18522694e-02,  2.80887457e-02,\n",
              "          7.59983109e-02, -2.03692657e-02, -9.93397780e-04,\n",
              "          3.12610089e-06,  2.73463870e-02, -4.78984185e-02,\n",
              "         -4.62299910e-03,  3.13142429e-02, -8.66287944e-02],\n",
              "        [-5.91379845e-02, -1.20218701e-01, -1.92815763e-01,\n",
              "         -2.33820942e-01,  1.82958879e-01,  2.72572790e-02,\n",
              "         -1.46536132e-01, -6.50271247e-01, -2.13631742e-01,\n",
              "          2.20053192e-01, -1.04989687e-01, -8.94170653e-02,\n",
              "         -5.32485902e-01,  6.70751769e-04, -1.01508083e-02,\n",
              "          5.39338185e-02, -2.37748960e-02,  1.87339601e-04,\n",
              "          2.23197725e-06, -5.66090944e-04,  1.64620129e-02,\n",
              "          8.97737142e-02,  5.20474107e-02, -2.04685350e-02],\n",
              "        [-1.28515425e-03, -1.15693473e-01, -1.34721508e-01,\n",
              "         -3.85247282e-01,  4.84901396e-02, -2.04850701e-01,\n",
              "         -4.88657752e-01, -1.44116623e-01, -4.40807325e-02,\n",
              "          4.23638808e-02, -1.11660583e-01, -2.61300994e-01,\n",
              "          6.49916497e-01,  4.22961213e-02,  3.97907246e-02,\n",
              "         -6.51683389e-02,  1.32853438e-02,  5.36495965e-03,\n",
              "          4.61281043e-06, -6.20644210e-03,  2.30468029e-02,\n",
              "         -2.27426008e-02, -2.69664938e-03,  1.95633053e-02],\n",
              "        [ 2.27858639e-01,  4.14343519e-02, -3.55484089e-01,\n",
              "          2.00934362e-01, -2.71119463e-01, -8.83776694e-02,\n",
              "         -6.08597200e-02, -7.51367103e-02,  3.67215476e-02,\n",
              "         -5.96538930e-02, -8.13410841e-03,  1.47661550e-01,\n",
              "          2.58786737e-02, -4.74398088e-02, -4.10407208e-02,\n",
              "         -2.11862528e-01, -4.26114181e-03, -1.14656342e-02,\n",
              "          1.16892422e-06, -4.71902116e-02,  1.94381699e-01,\n",
              "          4.42089081e-01,  3.25150098e-01,  5.20922915e-01],\n",
              "        [ 1.72973057e-01, -7.38833936e-02, -1.28316554e-01,\n",
              "          1.90667954e-01, -5.63822990e-01, -2.63934142e-02,\n",
              "         -2.89017736e-02, -1.78827867e-01, -9.83122766e-02,\n",
              "          2.07079735e-01, -4.96692402e-02,  3.78947678e-02,\n",
              "         -1.02249449e-02, -1.02099367e-01,  5.42073454e-03,\n",
              "         -3.97404724e-01, -1.45965270e-02,  4.21734298e-02,\n",
              "          6.96972665e-06,  1.69866267e-02, -1.10576466e-01,\n",
              "         -5.33367547e-01, -4.22268597e-02, -1.86236307e-01],\n",
              "        [ 2.02510605e-01,  7.54425942e-02,  7.65830248e-02,\n",
              "          1.90312753e-01, -4.08126896e-01, -2.38234953e-01,\n",
              "         -2.50544259e-01, -1.41134224e-01,  1.07053770e-01,\n",
              "         -3.80700803e-02,  1.41308185e-01, -1.36017265e-01,\n",
              "         -8.27922573e-02,  9.54964895e-02, -9.57702162e-02,\n",
              "          5.67962652e-01,  3.30143346e-02, -7.46828734e-03,\n",
              "         -8.39133787e-06, -7.86701873e-02, -8.16521307e-03,\n",
              "          1.49348376e-01, -4.19407047e-01, -2.20097575e-02],\n",
              "        [ 1.96971172e-01,  2.21092333e-01, -4.50792799e-01,\n",
              "          8.03916094e-02,  1.99165894e-01, -1.21139467e-01,\n",
              "          8.73707784e-02, -1.65201460e-02,  7.07976064e-02,\n",
              "         -2.36879774e-01, -9.20120988e-02,  1.03374629e-02,\n",
              "          2.79600489e-02,  7.52415863e-02,  8.43745250e-02,\n",
              "          1.08771671e-01, -6.94951583e-01,  3.66451516e-02,\n",
              "         -1.84598532e-05,  4.29200272e-02,  6.05624322e-03,\n",
              "         -1.28221593e-01, -3.62363303e-02, -2.03398981e-01],\n",
              "        [ 1.19217160e-01, -1.72923832e-01,  4.45376090e-02,\n",
              "         -1.24842674e-01, -2.22297116e-01,  1.64904247e-01,\n",
              "          4.69192620e-01, -2.64545396e-01, -2.68068852e-01,\n",
              "         -3.26855441e-01, -4.51786933e-01,  1.39742037e-01,\n",
              "          2.68661650e-01,  7.58066523e-02,  2.56762930e-02,\n",
              "          2.04959395e-01,  1.20227385e-01,  3.67272725e-03,\n",
              "          3.99629231e-06,  2.25687835e-02,  1.03573846e-02,\n",
              "          1.38329430e-01, -3.07299306e-02, -1.16137040e-01],\n",
              "        [ 1.73859284e-01,  2.21592289e-01, -4.84669461e-01,\n",
              "          7.72614102e-02,  2.51254380e-01, -1.27757386e-01,\n",
              "          3.26670843e-02,  2.11690888e-02,  7.69507505e-02,\n",
              "         -1.75445767e-01, -3.06603884e-03, -2.15283571e-04,\n",
              "         -4.52195760e-02,  4.18858175e-02,  5.31606436e-02,\n",
              "          4.35309611e-02,  7.01950987e-01, -2.36455302e-02,\n",
              "          1.05118421e-05,  8.74284031e-02, -3.21161400e-02,\n",
              "         -1.83335970e-01, -4.71071806e-02, -1.25686375e-01],\n",
              "        [-2.35487918e-01,  4.10706389e-01, -3.66844010e-02,\n",
              "         -5.38034080e-02, -1.81520692e-01,  2.76360767e-01,\n",
              "         -1.01931093e-01, -2.25930526e-02, -5.30658432e-03,\n",
              "         -8.77560222e-03, -9.51451594e-02, -5.46687567e-02,\n",
              "         -6.38459406e-03,  1.79311518e-02,  2.64115310e-01,\n",
              "         -4.15548848e-02,  5.05243151e-04, -9.84074768e-02,\n",
              "          7.07102802e-01,  1.84572969e-01,  5.62741331e-02,\n",
              "          6.29998460e-02, -1.22469556e-01,  3.90754463e-02],\n",
              "        [-2.38166709e-01,  1.79040639e-01, -2.20505862e-01,\n",
              "         -1.32217062e-02, -1.14106212e-01,  2.79340281e-01,\n",
              "         -2.56728287e-02,  9.02508560e-02, -6.05097449e-02,\n",
              "          1.23020933e-01, -7.17221538e-02, -6.71773727e-02,\n",
              "          8.35643247e-02,  7.64575796e-02, -7.29283981e-01,\n",
              "          2.83482441e-01, -7.54770942e-03,  2.90993259e-02,\n",
              "         -1.71387702e-06, -3.39887774e-03,  7.01644600e-02,\n",
              "         -1.85174940e-01,  2.62475394e-01,  6.91601467e-03],\n",
              "        [ 2.35489774e-01, -4.10701086e-01,  3.66831950e-02,\n",
              "          5.38103106e-02,  1.81522426e-01, -2.76362559e-01,\n",
              "          1.01929758e-01,  2.25985622e-02,  5.31480473e-03,\n",
              "          8.77266717e-03,  9.51432253e-02,  5.46668335e-02,\n",
              "          6.37986670e-03, -1.79180046e-02, -2.64120712e-01,\n",
              "          4.15616730e-02, -5.35515148e-04,  9.83639512e-02,\n",
              "          7.07110759e-01, -1.84570589e-01, -5.62675045e-02,\n",
              "         -6.29930530e-02,  1.22461619e-01, -3.90830091e-02],\n",
              "        [-2.12711501e-01, -1.69003671e-01, -8.58724507e-02,\n",
              "         -5.74911731e-03, -9.02367423e-02, -7.40625178e-03,\n",
              "          1.90153851e-01, -4.68221019e-02, -1.41094663e-01,\n",
              "         -4.81446599e-01,  3.21797895e-01, -5.49501451e-01,\n",
              "         -1.00620702e-01,  2.35434139e-01, -1.16096794e-01,\n",
              "         -2.52067901e-01, -2.64011560e-02,  1.25357265e-02,\n",
              "         -6.56130299e-07,  5.08453557e-02,  9.38447632e-03,\n",
              "         -6.96103141e-02, -1.51716934e-01,  2.02658104e-01],\n",
              "        [ 3.21717063e-01, -7.91741938e-02,  1.09467910e-01,\n",
              "         -1.66515825e-01,  1.05933280e-01,  1.15376586e-01,\n",
              "         -5.77373379e-02, -2.63266635e-02,  1.23759411e-01,\n",
              "         -9.33182736e-02, -4.64684953e-02,  1.17130130e-01,\n",
              "         -5.09463268e-02, -8.45217493e-02, -2.58544752e-01,\n",
              "         -7.63456920e-02, -6.08843221e-02, -6.83869989e-01,\n",
              "         -2.25680230e-05,  2.88724697e-01,  1.06449770e-01,\n",
              "         -1.76105463e-01, -2.30105562e-01,  2.22713419e-01],\n",
              "        [ 2.75270290e-01,  7.40855566e-02,  7.86875813e-02,\n",
              "         -2.37572961e-01,  5.69697801e-02,  3.42617333e-01,\n",
              "         -1.23577283e-01, -1.39873524e-02,  1.67254211e-01,\n",
              "         -1.74215819e-01, -1.02650017e-01,  6.15620898e-02,\n",
              "         -9.25618070e-02,  5.70338291e-04,  4.10495119e-02,\n",
              "          5.73192859e-02, -3.75732366e-03,  4.52214050e-01,\n",
              "          1.76541971e-05, -2.44465856e-01, -2.31786842e-01,\n",
              "         -2.93117636e-01, -1.14899351e-01,  4.65505082e-01],\n",
              "        [ 2.62159582e-01,  1.04773844e-01,  1.27326355e-01,\n",
              "         -1.50966351e-01, -8.15808939e-02,  1.88815303e-01,\n",
              "         -1.89253095e-01, -6.52276011e-04,  2.60869010e-01,\n",
              "         -2.80957561e-01, -2.21815432e-02, -1.63671095e-01,\n",
              "         -1.25543038e-01, -1.85121833e-01, -2.64302858e-01,\n",
              "         -2.96313004e-01,  2.89219408e-02,  1.29785081e-01,\n",
              "          9.04022433e-07,  3.35194131e-02, -1.00128287e-01,\n",
